%!PS
%%BoundingBox: 0 0 231 36 
%%HiResBoundingBox: 0 0 230.39944 35.99991 
%%Creator: MetaPost 1.208
%%CreationDate: 2010.06.17:0727
%%Pages: 1
%%BeginProlog
%%EndProlog
%%Page: 1 1
 0 0 0 setrgbcolor 0 0.99626 dtransform truncate idtransform setlinewidth pop
 [] 0 setdash 1 setlinecap 1 setlinejoin 10 setmiterlimit
newpath 0 0 moveto
230.39944 0 lineto stroke
 0.99626 0 dtransform exch truncate exch idtransform pop setlinewidth
newpath 0 0 moveto
0 35.99991 lineto stroke
 0 0.29887 dtransform truncate idtransform setlinewidth pop
newpath 0 13.67668 moveto
-3.32173 7.92328 lineto
3.32173 7.92328 lineto
 closepath stroke
newpath 25.59993 13.67668 moveto
22.2782 7.92328 lineto
28.92168 7.92328 lineto
 closepath stroke
newpath 51.19987 13.67668 moveto
47.87814 7.92328 lineto
54.5216 7.92328 lineto
 closepath stroke
newpath 76.7998 13.67668 moveto
73.47807 7.92328 lineto
80.12155 7.92328 lineto
 closepath stroke
newpath 102.39975 13.67668 moveto
99.07802 7.92328 lineto
105.72148 7.92328 lineto
 closepath stroke
newpath 127.99968 13.67668 moveto
124.67795 7.92328 lineto
131.32143 7.92328 lineto
 closepath stroke
newpath 153.59962 13.67668 moveto
150.2779 7.92328 lineto
156.92136 7.92328 lineto
 closepath stroke
newpath 179.19955 13.67668 moveto
175.87782 7.92328 lineto
182.52129 7.92328 lineto
 closepath stroke
newpath 204.7995 13.67668 moveto
201.47777 7.92328 lineto
208.12123 7.92328 lineto
 closepath stroke
newpath 0 17.27667 moveto
-3.32173 11.52325 lineto
3.32173 11.52325 lineto
 closepath stroke
newpath 51.19987 17.27667 moveto
47.87814 11.52325 lineto
54.5216 11.52325 lineto
 closepath stroke
newpath 127.99968 17.27667 moveto
124.67795 11.52325 lineto
131.32143 11.52325 lineto
 closepath stroke
newpath 0 20.87666 moveto
-3.32173 15.12325 lineto
3.32173 15.12325 lineto
 closepath stroke
newpath 51.19987 20.87666 moveto
47.87814 15.12325 lineto
54.5216 15.12325 lineto
 closepath stroke
newpath 0 24.47665 moveto
-3.32173 18.72325 lineto
3.32173 18.72325 lineto
 closepath stroke
 0 0.49814 dtransform truncate idtransform setlinewidth pop
newpath 0 35.99991 moveto
0.38316 34.27783 0.80997 32.56578 1.28 30.86539 curveto
2.09032 27.93399 2.94252 25.01433 3.84 22.10844 curveto
4.22299 20.86829 4.66974 19.64922 5.12 18.43193 curveto
5.52338 17.3414 5.94902 16.25925 6.39998 15.18752 curveto
6.80272 14.23038 7.2284 13.28305 7.67998 12.34796 curveto
8.08223 11.515 8.50806 10.6936 8.95999 9.8865 curveto
9.36209 9.16838 9.7881 8.46391 10.23997 7.77603 curveto
10.64236 7.16348 11.06871 6.567 11.51997 5.98952 curveto
11.9233 5.4734 12.3501 4.97609 12.79997 4.50002 curveto
13.20502 4.07141 13.63239 3.66446 14.07996 3.28049 curveto
14.48761 2.93079 14.91553 2.60551 15.35997 2.30396 curveto
15.771 2.02507 16.19933 1.77277 16.63995 1.5435 curveto
17.05481 1.32765 17.48329 1.1393 17.91995 0.97195 curveto
18.33855 0.81154 18.76688 0.67819 19.19995 0.5625 curveto
19.62177 0.4498 20.0497 0.36212 20.47995 0.28801 curveto
20.9041 0.21495 21.33162 0.16371 21.75995 0.12154 curveto
22.1856 0.07962 22.6127 0.0555 23.03995 0.03596 curveto
23.46632 0.01646 23.89316 0.01047 24.31993 0.00449 curveto
24.74657 -0.00151 25.17326 -0.003 25.59993 0 curveto stroke
newpath 51.19987 0 moveto
51.9095 3.119 52.76376 6.20334 53.75986 9.24301 curveto
54.47446 11.42361 55.29655 13.56975 56.31987 15.62398 curveto
57.01596 17.0213 57.83499 18.36017 58.87985 19.52094 curveto
59.58708 20.30663 60.44548 20.95186 61.43985 21.31194 curveto
62.26003 21.60895 63.15176 21.57774 63.99985 21.37498 curveto
64.93794 21.15074 65.76797 20.63634 66.55984 20.08792 curveto
67.49773 19.43837 68.31293 18.63463 69.11983 17.82901 curveto
70.02449 16.92578 70.84389 15.9429 71.67984 14.976 curveto
72.55118 13.96815 73.37302 12.91866 74.23982 11.90692 curveto
75.08003 10.92621 75.90648 9.9327 76.7998 8.99994 curveto
77.61551 8.14824 78.46466 7.32883 79.3598 6.56099 curveto
80.1751 5.86163 81.03094 5.2111 81.9198 4.60802 curveto
82.74187 4.05023 83.59854 3.54555 84.4798 3.08702 curveto
85.30951 2.6553 86.16644 2.27867 87.03978 1.944 curveto
87.877 1.62317 88.73364 1.35638 89.5998 1.12497 curveto
90.44339 0.89958 91.2993 0.72427 92.15977 0.57603 curveto
93.00812 0.4299 93.86311 0.32732 94.71977 0.24298 curveto
95.57104 0.1592 96.4253 0.11108 97.27977 0.07202 curveto
98.13254 0.03305 98.98619 0.02098 99.83975 0.00897 curveto
100.69304 -0.00304 101.54642 -0.00603 102.39975 0 curveto stroke
newpath 127.99968 0 moveto
129.27223 0.09587 130.51416 0.43744 131.65677 1.00583 curveto
133.00801 1.67798 134.17265 2.65312 135.31395 3.63844 curveto
136.62466 4.77005 137.78993 6.05505 138.97112 7.32063 curveto
140.23015 8.66959 141.40033 10.09799 142.6282 11.47523 curveto
143.8388 12.83311 145.00787 14.22931 146.28539 15.52473 curveto
147.4505 16.7062 148.61348 17.89728 149.94244 18.8921 curveto
151.0754 19.7402 152.26123 20.53589 153.59962 21 curveto
154.77213 21.40659 156.02034 21.532 157.25671 21.42848 curveto
158.52907 21.32198 159.74417 20.89684 160.91388 20.3877 curveto
162.21286 19.8223 163.40361 19.04614 164.57106 18.24483 curveto
165.85088 17.36638 167.03804 16.36351 168.22813 15.36734 curveto
169.47801 14.32114 170.66617 13.20415 171.88531 12.1224 curveto
173.10443 11.04068 174.29253 9.92369 175.54239 8.87749 curveto
176.73239 7.8814 177.92632 6.88762 179.19955 5.99998 curveto
180.3708 5.18346 181.59058 4.4385 182.85664 3.77843 curveto
184.0369 3.16309 185.26295 2.6413 186.51382 2.18658 curveto
187.7084 1.75233 188.93356 1.40952 190.17099 1.1195 curveto
191.37708 0.83684 192.60037 0.63673 193.82808 0.47234 curveto
195.04175 0.3098 196.26317 0.21597 197.48526 0.13998 curveto
198.70277 0.06427 199.92271 0.04086 201.14232 0.01753 curveto
202.36122 -0.0058 203.58043 -0.01164 204.7995 0 curveto stroke
showpage
%%EOF
